uuid: 441a80b7-94ea-3dd9-9075-8f150c228243
timestamps:
  login: 1420269634924
  lastteleport: 1420275150050
  logout: 1420050250700
ipAddress: 127.0.0.1
lastlocation:
  world: world
  x: 139.41081133523988
  y: 94.0
  z: -114.67972606370023
  yaw: -90.37934
  pitch: 6.505329
homes:
  home:
    world: world
    x: 403.16755023385065
    y: 96.0
    z: 38.54080807248402
    yaw: -295.54715
    pitch: 24.9
logoutlocation:
  world: world
  x: 354.17106230819843
  y: 80.0
  z: 92.63114453221176
  yaw: -111.19775
  pitch: 14.849986
money: '0.5'
godmode: true
afk: false
nickname: Superboop
