spawns: 
  default: 
    world: world
    x: 398.0895358970676
    y: 105.0
    z: 41.15236973975316
    yaw: -91.2471
    pitch: 23.549995
