world: world_nether
x: -93.3801217251995
y: 7.0
z: -8.941007765594374
yaw: -94.75265
pitch: 12.899992
name: adminden
