world: world
x: -514.5758276679117
y: 63.0
z: -105.50838593635751
yaw: 90.47101
pitch: 56.057053
name: adminresort
