world: world
x: -1981.5857766311474
y: 41.0
z: -1994.578727221245
yaw: -271.29736
pitch: 0.29995584
name: craft1
