world: world
x: -99.56862354704013
y: 63.0
z: 25.45619631890051
yaw: -89.190216
pitch: -2.55001
name: craft1entrance
