world: world
x: 4178.823492182023
y: 30.0
z: 3987.471161254701
yaw: -89.29968
pitch: 2.5499876
name: earth1
