world: world
x: 290.30000001192093
y: 78.0
z: 40.43339508089776
yaw: 271.5603
pitch: -4.8405457
name: earth1entrance
