world: world
x: 281.50525603267766
y: 80.0
z: 33.67471505073114
yaw: -180.67938
pitch: 6.449879
name: farm1entrance
