world: world
x: 2989.643406765723
y: 63.0
z: 3015.4904902423536
yaw: -89.77406
pitch: 3.026333
name: farm1
