world: world
x: -131.0336901967118
y: 63.0
z: 6.404154560317395
yaw: -89.49005
pitch: 6.1499186
name: forge1entrance
