world: world
x: 2000.4492806059054
y: 30.0
z: 1967.3611396072545
yaw: -1.4196777
pitch: -1.0500045
name: forge1
