world: world
x: -40.380486206416336
y: 63.0
z: -105.96014491362075
yaw: 90.175964
pitch: 7.4720874
name: GeneralStore
