world: world
x: -1014.4526976622363
y: 65.0
z: -892.6180578745244
yaw: -180.11926
pitch: 13.950019
name: Herbalist2
