world: world
x: -1168.5
y: 64.0
z: -868.5
yaw: -180.26999
pitch: 2.2500343
name: Herb1
