world: world
x: 185.47368235028338
y: 80.0
z: -18.34090609593169
yaw: -179.62929
pitch: 2.8499887
name: Herb1Entrance
