world: world
x: 239.05682185343497
y: 83.0
z: -567.3610002868793
yaw: -96.33792
pitch: 54.000008
name: herbtown1
