world: world
x: -45.547885093907354
y: 63.0
z: -105.96601338725672
yaw: -90.04816
pitch: 2.9999306
name: market
