world: world
x: 144.9067853501391
y: 94.0
z: -114.56996488518855
yaw: -89.6293
pitch: -1.5946708
name: Mine1Entrance
