world: world
x: 1027.6757325388905
y: 51.0
z: 973.3616398239851
yaw: -325.96478
pitch: 28.535162
name: Mine2
