world: world
x: 140.83287177421988
y: 94.0
z: -114.47006437906339
yaw: -270.97925
pitch: 6.3553224
name: Mine1
