world: world
x: -44.59590507550335
y: 13.0
z: -441.2160124075988
yaw: -275.7635
pitch: 12.4636965
name: minecity1
