world: world
x: -551.469067318947
y: 85.0
z: -1420.497285705321
yaw: -275.19043
pitch: 12.3000145
name: oddworld
