world: world
x: -521.9798238523678
y: 64.0
z: -98.00655318349797
yaw: -65.33783
pitch: 10.799981
name: RemoteIsland
