world: world
x: -2978.699999988079
y: 63.0
z: -3028.699999988079
yaw: -45.358276
pitch: -0.8472424
name: spleefgreenvip
