world: world
x: -2919.300000011921
y: 84.0
z: -3050.699999988079
yaw: -316.0509
pitch: 25.441854
name: spleefbluenorm
