world: world
x: -3000.699999988079
y: 84.0
z: -3050.699999988079
yaw: -44.56897
pitch: 33.761215
name: spleefgreennorm
