world: world
x: -2941.300000011921
y: 63.0
z: -3028.699999988079
yaw: -315.50928
pitch: 11.4654
name: spleefbluevip
