world: world
x: -3000.699999988079
y: 84.0
z: -2969.300000011921
yaw: -136.41443
pitch: 23.445248
name: spleefyellownorm
