world: world
x: -2978.699999988079
y: 63.0
z: -2991.300000011921
yaw: -134.87436
pitch: -3.8421984
name: spleefyellowvip
