world: world
x: -2960.010459638571
y: 57.0
z: -3009.6795373895807
yaw: -356.75146
pitch: 81.34783
name: spleef
