world: world
x: -2919.300000011921
y: 84.0
z: -2969.300000011921
yaw: -224.20496
pitch: 25.774607
name: spleefrednorm
