world: world
x: -2941.300000011921
y: 63.0
z: -2991.300000011921
yaw: -222.66406
pitch: 90.0
name: spleefredvip
