world: world
x: -661.6999999880791
y: 65.0
z: -449.56502820268344
yaw: -3.5658264
pitch: -41.112873
name: temple
