world: world
x: -39.622991491015775
y: 63.0
z: -71.87532399126447
yaw: -247.88971
pitch: 51.900005
name: trade
