world: world
x: -239.6575768977034
y: 64.0
z: -33.760248134703744
yaw: -179.44717
pitch: 29.85001
name: vikdal
