world: world
x: 382.667452402711
y: 80.0
z: 40.47187230592769
yaw: -84.647095
pitch: -1.3500375
name: wipspawn
